2551
2551
2551
92606
243
196027
30427
22252
594
13797
12725
16487
12363
48311
21579
21324
32057
3638
20569
10410
10010
37561
30873
26926
38328
571399
34282
45773
30237
42065
40559
23030
23395
84288
38011
99174
46148
45111
40251
41685
240202
30878
41002
44048
34062
49150
43250
35575
47000
45750
42002
41989
35001
27931
40960
30950
31992
37385
26221
85200
36343
35780
23522
31004
41131
33933
24463
33258
34001
25032
38169
35919
39246
34308
30845
37194
135309
39283
34520
34535
25650
40593
32491
34660
34776
24699
30478
34798
34813
34836
34985
46011
1000000
35765
28251
35605
35815
14795
23560
33166
55010
36652
32014
50000
8389
45753
43707
41187
42558
42487
1000000
19578
1000000
643049
398013
23972
36943
103002
54996
50324
52338
135205
51794
