54706
54706
54706
54706
54706
10205
10352
9967
46781
21281
28710
20785
27067
501
33694
42226
40672
32542
44818
92751
45731
31440
33403
90676
46962
44431
30622
40666
41780
22211
42459
39257
43460
71356
40010
27075
34999
28605
30917
39479
32894
34126
36760
32021
32008
34722
30371
35624
27778
33652
25116
33221
23361
33179
37085
35874
33401
23727
43994
40442
35484
33827
35490
36108
66300
21995
36346
34465
40540
35184
35379
35479
26205
35452
35458
35945
35947
8522
32545
38000
37459
30001
32013
32014
32014
32141
32141
32141
32141
32141
32141
32141
32141
32141
32141
32141
32141
32141
32141
32142
32269
32769
32769
32770
28378
36027
4544
2827
4936
19096
69350
46030
233020
62169
41003
9474
38868
40656
47652
