23363
23363
23363
200010
150175
50602
58241
50522
24775
17846
36923
42984
18937
22676
13425
10015
42607
25939
25533
41050
44815
45427
47887
44539
155155
22821
44087
108826
34480
18307
75031
50000
45102
45000
40649
29272
45999
45999
30634
32207
35758
38118
40140
34649
34724
34388
35225
36499
32188
33017
35249
38327
35631
35161
35837
37297
36927
36947
41396
39473
37516
21302
39516
41812
32202
40076
39466
38378
39353
39581
41547
250010
39699
39827
39721
1000000
40007
39905
42055
80020
110001
120001
42512
50003
10325
52506
48451
47355
5413
5722
16636
19090
62014
1000000
76790
288026
48193
179304
60682
68983
51188
801921
51190
